-0.002383
0.001272
0.005969
-0.000237
0.012500
0.002080
0.002634
-0.005925
0.001728
0.001690
0.002587
0.002185
0.001897
0.004109
0.001174
0.002060
0.000544
0.004160
0.001604
0.001370
-0.004396
-0.000201
-0.004046
0.001914
0.003286
-0.002210
0.002944
0.005223
0.000758
0.002207
0.002340
-0.016746
0.001835
0.002192
0.013314
0.001204
0.005878
-0.000490
-0.001504
0.002026
0.001859
0.002029
0.001106
0.001555
0.000977
0.002128
-0.003962
0.001966
0.002015
0.004939
0.000984
-0.005222
0.008049
0.009437
0.002215
-0.012005
0.001335
0.001192
0.001340
0.000779
-0.001116
0.001350
-0.003685
0.000283
0.002043
-0.005611
-0.002800
0.009007
0.007320
0.003066
0.010937
0.002107
0.002583
0.002364
0.002610
0.001793
0.001905
0.001200
0.001654
0.001264
0.002455
0.002010
0.001464
0.002328
0.002206
0.001796
0.005889
-0.000215
0.000056
0.002306
0.001871
-0.005369
0.014111
0.001344
0.001267
-0.000748
0.003741
-0.006060
0.006179
0.001624
0.002038
0.001871
0.001039
0.000556
0.001153
0.002073
-0.003974
0.003091
0.001279
0.002433
0.002042
0.001758
0.001776
-0.009501
0.000675
0.001340
0.006789
0.003140
0.001623
-0.000595
-0.004616
0.001114
0.001276
0.001437
0.001808
0.001054
0.000481
-0.002963
0.002272
0.001059
0.001601
0.000578
0.005717
0.000631
0.006203
-0.002669
0.002965
0.002519
0.001566
0.003662
0.002207
0.001240
0.001423
0.002494
-0.002073
0.001066
0.000129
0.000743
0.007780
0.002342
-0.003440
0.001895
0.000699
0.001676
0.002218
-0.003294
-0.006977
0.002258
0.002920
0.001217
0.001875
0.004993
0.002371
0.001137
-0.002133
0.000173
0.002688
0.001756
0.000737
0.001686
0.002640
-0.000431
0.000541
0.008016
0.001693
0.002043
0.001891
0.000985
0.002884
0.001870
0.001764
-0.003525
0.000462
-0.000799
0.000311
0.003295
-0.000477
0.004746
-0.010069
0.002556
0.002321
0.001528
0.001192
0.000797
0.002219
0.002266
0.007556
0.001769
0.003436
0.003690
