-0.000305
0.000135
-0.000614
0.001281
0.000130
-0.000314
0.000259
0.000105
-0.001003
-0.000151
0.000664
-0.000924
0.000069
-0.000150
-0.000031
0.001025
0.000349
-0.000461
-0.000502
0.000101
-0.000979
-0.000667
0.000648
-0.000193
0.000393
-0.000034
-0.000140
0.000297
-0.000009
-0.000959
0.001164
-0.000643
-0.000137
0.000013
0.000493
-0.000294
0.000697
0.000202
-0.000269
-0.000542
0.000654
-0.000755
-0.000280
0.000448
-0.000001
-0.000493
-0.000703
-0.000015
0.000105
0.000632
0.000560
0.000724
-0.000218
0.000234
0.000197
-0.000465
0.000222
-0.000193
-0.000472
-0.000509
-0.000079
-0.000155
-0.000120
-0.000144
0.000441
0.000689
-0.001233
0.000012
-0.000192
0.000131
0.000129
0.000136
-0.001025
0.000214
-0.000805
-0.000174
0.000467
-0.000821
0.000892
0.000151
0.000888
0.000177
-0.000567
-0.000336
0.000545
-0.000266
0.000786
0.000045
-0.001193
0.000594
-0.000661
-0.000500
-0.000680
-0.000343
0.000256
0.000616
0.000169
-0.000126
0.000686
-0.000248
-0.000668
-0.000534
0.000991
-0.000602
-0.000804
0.000905
-0.000344
-0.000872
-0.000732
-0.000091
-0.000410
-0.000097
-0.000694
0.000055
-0.000195
0.000679
0.000043
-0.000842
0.000398
0.000857
0.000098
0.000436
0.000158
0.000512
0.000235
-0.000570
0.000379
-0.000581
0.000137
-0.000561
-0.000344
0.000353
-0.000809
0.000001
-0.000102
0.000563
0.000551
0.000126
0.000096
0.000388
0.000431
-0.000065
-0.000052
-0.000757
0.000469
-0.001111
0.000172
0.000180
0.000870
-0.000866
-0.000509
-0.000050
0.000833
0.000118
0.000472
0.000969
0.000241
-0.000685
0.000822
0.000611
-0.001032
0.000025
-0.000438
-0.000338
0.000708
-0.000481
0.000651
0.000166
-0.000478
0.000437
-0.000221
-0.000137
-0.000295
-0.000399
-0.000809
0.000457
-0.000005
-0.000213
0.000489
-0.001089
-0.000429
-0.000846
0.000820
0.000263
-0.000107
-0.000293
0.000415
0.000156
0.000281
-0.000620
-0.000320
-0.000409
0.000943
0.000028
0.000505
-0.000717
-0.000582
-0.000091
0.000068
-0.000393
