-0.004850
-0.001833
0.001521
0.001030
-0.002543
-0.002422
-0.001719
-0.000416
-0.005586
-0.001545
0.001363
-0.000563
-0.000658
-0.001869
-0.002469
-0.003004
0.000837
-0.002947
-0.003099
0.000318
0.001991
-0.000026
-0.000765
0.002037
-0.001599
0.000137
-0.001045
-0.000586
-0.000571
-0.000248
-0.001044
-0.004417
0.002252
0.000678
-0.000791
-0.001570
-0.001567
-0.002180
0.000726
-0.000402
0.000622
0.000529
0.000086
-0.001335
-0.002017
-0.004500
-0.003282
-0.001032
0.001229
-0.000898
0.000157
-0.001639
0.000747
0.002120
0.000052
-0.000739
-0.003722
0.001451
0.001772
0.000249
0.000347
0.001102
0.000803
-0.002959
-0.002356
-0.003865
0.000317
0.002058
-0.001493
-0.001786
-0.001472
0.001097
-0.003121
0.000272
-0.001115
-0.000260
0.002610
-0.003669
0.000851
-0.001634
-0.004256
0.001448
-0.004801
0.001366
0.001024
-0.000342
-0.000248
0.001662
-0.003755
-0.003310
-0.004356
-0.003295
0.001314
-0.002442
-0.000015
0.002856
-0.000798
-0.002310
0.001475
-0.002354
-0.004119
-0.000095
-0.001841
-0.002154
-0.001199
0.000830
0.001619
-0.003514
-0.000445
-0.001343
-0.000828
-0.001948
-0.000479
0.000793
0.000405
0.000095
-0.001473
-0.002143
0.000662
0.001068
0.000163
0.000864
-0.000122
-0.003643
0.002250
-0.000722
0.000425
-0.000634
-0.001613
-0.002527
-0.000056
0.002602
-0.006166
0.002805
0.004215
0.000589
-0.003267
-0.002432
-0.000793
-0.001857
-0.002132
0.000548
-0.002107
-0.000693
0.003470
0.002875
-0.001710
0.000221
-0.001576
0.000027
0.002958
0.000384
-0.000015
0.001129
-0.002421
-0.001457
-0.000248
0.002059
0.000750
0.002055
-0.000588
0.004712
-0.000281
0.000543
0.001522
0.000212
-0.002433
0.001216
-0.001247
-0.002972
0.001521
-0.002661
-0.000017
0.002161
-0.002541
0.000529
0.000708
-0.000468
-0.000196
-0.000376
-0.002876
-0.001506
-0.004580
0.001742
-0.002289
0.004136
0.002568
0.002654
0.003179
-0.003176
-0.002546
-0.002921
0.000840
-0.001186
0.000471
0.000966
-0.005615
-0.001059
0.000142
0.000120
