-0.107726 0.095353 0.106139 -0.039052 0.077945 0.110557 0.004925 0.045521 -0.006449 0.047083 0.036477 -0.087123 0.048931
0.014178 -0.017134 0.072975 0.003099 -0.021189 0.026923 -0.121438 0.101552 0.000632 0.104794 0.061244 0.097400 0.045494
0.094629 0.073911 0.071368 0.102062 0.071776 -0.085990 -0.069052 0.095322 0.017957 -0.027899 -0.070364 -0.027848 -0.019041
-0.029248 -0.051921 0.059894 0.107579 -0.074825 -0.127362 -0.048834 0.097354 0.074148 -0.027100 -0.019277 -0.025541 -0.053801
-0.025407 -0.091579 0.041400 0.061779 0.047435 -0.104266 0.095828 0.012093 -0.053181 -0.083108 -0.049478 0.014827 0.015758
-0.054394 0.054243 -0.086129 -0.088581 -0.023303 -0.082076 -0.078901 0.043226 0.094405 0.002495 -0.043577 -0.042284 -0.002579
0.048790 -0.096074 -0.093240 -0.051197 -0.000897 -0.035178 -0.106870 0.012909 -0.047041 -0.056016 0.086002 -0.107884 -0.079640
0.069514 -0.023464 0.072009 -0.006631 -0.074917 -0.007887 -0.044438 0.024344 -0.071985 -0.030245 0.085136 0.056038 -0.107820
-0.079171 -0.085055 -0.054800 0.056905 0.095385 0.064608 0.106258 -0.034559 -0.019799 0.100905 0.003430 -0.041454 -0.089870
-0.123915 0.070416 0.040541 -0.028221 0.069686 -0.006388 -0.055274 -0.107520 0.026003 -0.084174 0.008924 -0.055246 -0.057327
-0.055436 0.067595 -0.021375 0.093359 -0.079129 0.042551 -0.051070 -0.071896 0.070180 0.110846 -0.063983 0.095682 -0.089140
0.068568 0.117494 0.081344 0.116881 0.073735 0.000920 0.028147 -0.101151 -0.019528 0.058936 -0.039211 -0.007845 -0.008934
0.056065 -0.057779 0.083091 -0.016983 -0.053360 -0.041840 0.065593 0.001002 -0.051698 -0.042121 0.108271 0.001095 -0.073299
