0.019653 -0.041939 -0.030911 0.048269 -0.073051 -0.034304 -0.110968 -0.018480 -0.083944 0.056432 0.084084 0.003903 -0.108601
-0.004749 0.059947 -0.049502 0.020299 -0.008933 0.073352 -0.004739 -0.012730 0.077031 -0.019289 0.001595 -0.109087 -0.036637
-0.048987 0.027777 -0.047138 -0.090905 -0.100503 -0.032014 0.039353 0.030528 -0.108962 -0.098376 0.059592 -0.011192 -0.015971
-0.132633 -0.130346 -0.099211 0.058935 -0.147578 0.080524 -0.062890 -0.030463 -0.041974 -0.036734 0.059313 0.093259 -0.058284
-0.044582 -0.142434 -0.133304 -0.146916 -0.076274 0.081456 -0.055104 -0.128991 0.083464 -0.087487 0.001699 0.035940 -0.079528
0.047041 0.033453 0.078897 -0.086712 0.094013 0.103259 0.030518 -0.044350 0.089130 -0.019577 0.012179 0.028113 -0.034403
0.060814 0.059161 -0.053003 0.047405 0.070309 0.080521 -0.062048 0.090679 0.077052 -0.007950 -0.035942 0.000977 0.052702
-0.040119 0.079945 0.042221 0.069567 0.051003 0.033609 0.092398 0.071223 0.077498 -0.083944 -0.053076 0.007804 -0.007051
0.073657 0.067916 -0.026966 0.091046 0.096797 -0.070558 0.034302 -0.024800 -0.108938 -0.065498 0.102319 -0.012038 -0.048602
0.080699 0.070280 0.002185 -0.091145 -0.064899 -0.031988 -0.087560 0.047311 0.004398 0.024116 0.108450 0.038029 -0.010359
0.042192 -0.022107 -0.067280 0.073598 0.098880 0.052230 -0.036843 0.065579 -0.092345 0.035271 0.047317 0.100190 0.019828
0.078055 -0.099749 -0.095196 0.066029 -0.042787 -0.039105 -0.051811 0.025269 -0.106249 -0.015191 -0.077927 -0.037158 0.045648
0.099583 0.089822 0.034806 0.017149 0.068679 -0.060335 0.041222 0.058031 -0.001862 0.087657 0.082718 0.049086 -0.040936
