0.084125 0.076094 0.031598 0.041574 0.026080 0.140283 0.047692 0.098903 0.068267 0.090992 -0.067641 0.031487 0.126091
-0.075481 0.106224 -0.023482 0.132511 0.018971 0.031287 -0.050584 -0.084065 -0.006361 -0.003757 -0.099205 0.109212 0.030437
0.019673 0.024547 -0.020732 0.137968 0.116367 0.059115 0.121275 -0.013028 0.017014 0.125204 0.043984 0.142595 0.136890
0.099586 0.089349 0.060439 0.154959 0.081157 -0.098736 0.110406 -0.099847 -0.027428 0.010253 0.125674 0.127747 0.033520
0.005454 -0.126636 0.068512 0.063859 0.040400 -0.023408 0.080987 -0.010964 -0.015621 -0.071549 -0.032798 -0.064790 0.039393
-0.067171 -0.121368 0.036200 0.126181 -0.073069 -0.013951 0.050388 -0.011352 -0.078825 0.089908 0.099324 -0.097162 -0.076450
0.068119 -0.161195 -0.113570 0.018139 -0.166801 -0.082003 -0.026146 -0.064455 -0.201262 0.009173 0.027339 -0.169325 0.022555
0.019713 -0.099296 0.106261 0.098343 0.021249 0.014181 -0.118268 -0.064502 -0.145205 -0.030304 -0.117356 -0.145998 0.041508
-0.111235 0.105168 0.062092 -0.019343 -0.089178 0.028752 -0.051098 0.061761 0.035716 0.084119 -0.042853 -0.075869 0.013244
-0.038867 0.120563 0.125683 -0.134162 -0.013976 -0.032354 0.089898 -0.013185 0.061728 0.083002 0.058901 0.039349 0.079738
-0.118355 -0.088678 0.022212 -0.100061 -0.127760 -0.070136 0.078801 -0.177416 0.056574 0.028608 -0.028398 0.039734 -0.051850
-0.049193 -0.003595 0.027304 -0.008091 0.065117 0.085333 0.114317 -0.170085 -0.035891 -0.061078 0.023360 -0.062021 -0.028723
0.056773 -0.118676 -0.144745 -0.038397 -0.176601 -0.056736 -0.063028 -0.126351 -0.061028 -0.166019 0.010888 -0.084731 -0.007697
