-0.092535 0.089340 -0.033198 -0.051289 0.020037 0.107661 0.073718 -0.055402 0.066341 -0.051056 -0.078150 -0.005428 -0.037633
0.017836 -0.032766 -0.089604 -0.051600 -0.057879 0.099954 -0.073709 -0.059128 0.056053 -0.088146 0.109713 -0.063478 -0.100566
0.120887 0.024597 -0.132517 -0.049462 0.038359 -0.044934 -0.115142 -0.036373 0.090566 -0.128442 0.067929 0.060856 0.009356
0.044384 0.006051 -0.055834 -0.022363 0.112191 -0.120775 -0.051900 0.011154 -0.084110 -0.081351 -0.063407 -0.035979 -0.073434
0.046486 0.019102 0.059834 -0.085138 0.026457 -0.015711 0.053831 -0.003311 -0.036170 0.059002 0.052185 0.032816 0.055169
-0.072598 -0.129623 0.068571 -0.099777 -0.086341 -0.114556 -0.124311 -0.056756 -0.037654 -0.108650 0.000741 0.051833 0.097632
-0.033198 0.008728 0.081005 -0.070088 -0.052792 0.089029 0.044363 0.057461 0.110288 -0.088158 -0.095393 -0.081328 0.080329
0.079225 0.066259 -0.020816 0.104226 -0.097429 0.039506 -0.008236 0.036167 0.009376 0.087331 -0.069119 -0.082767 0.126959
0.036566 -0.002658 -0.019357 0.041024 0.089519 0.061828 -0.039272 0.130686 0.084668 0.113796 -0.069462 0.067143 -0.004975
0.083837 0.078140 0.088753 -0.044296 -0.045516 0.109505 0.071388 0.003312 0.126391 0.120988 -0.034516 -0.060108 0.092602
-0.033640 -0.097099 -0.037167 0.015792 -0.005090 -0.021303 0.042816 0.074128 -0.016258 0.102464 0.103371 0.095886 0.102681
-0.015228 -0.098658 0.037472 -0.111654 -0.111023 -0.122375 0.065348 0.047005 0.004413 -0.015255 -0.055845 0.036749 0.006062
-0.067039 -0.101600 -0.088630 0.019943 0.037810 -0.130934 -0.054777 -0.121778 0.027073 0.058173 0.057955 0.038177 0.034071
