-0.057826 0.137032 -0.005270 -0.127039 -0.065745 -0.027276 0.121058 0.104020 0.052935 -0.014737 0.072356 -0.063037 0.088943
-0.034356 0.109712 0.007391 -0.086657 0.077861 -0.032761 -0.052383 -0.023653 -0.080101 0.029921 -0.065592 0.030515 0.057427
-0.128382 -0.011547 -0.066882 0.016310 0.071949 0.006872 0.083913 -0.131764 -0.036966 0.015793 0.083360 -0.075217 -0.120428
-0.098349 -0.100628 0.006788 -0.162005 -0.084197 -0.053911 0.057771 0.003412 -0.049487 0.041709 0.024445 -0.128429 -0.138061
-0.082268 0.035907 -0.137010 -0.151658 -0.102311 -0.134242 0.092428 -0.142493 -0.146064 -0.077453 -0.134827 0.076441 -0.122138
0.113394 0.041030 0.019965 -0.096279 -0.001615 0.079875 0.066799 -0.064964 0.097847 0.066567 0.032431 0.101165 0.062739
0.129349 0.066294 0.015408 0.067000 -0.013702 -0.007615 0.087584 -0.016888 0.038152 -0.060568 0.117245 0.137382 -0.069957
0.128747 -0.044249 -0.115583 -0.027939 0.101831 0.083972 -0.114528 0.012516 -0.014962 -0.030704 0.129608 0.122043 0.105372
0.055372 0.088763 -0.103370 0.116329 -0.070764 0.098370 -0.097403 -0.070286 0.107949 -0.023728 0.089044 0.102005 0.111250
0.058361 -0.017952 -0.059251 -0.015088 0.016449 0.086013 -0.007924 0.106840 0.057686 0.046834 -0.023332 0.015069 0.119011
-0.031365 0.097201 0.057954 0.084264 0.122360 0.095933 -0.125999 0.065836 0.050387 -0.023841 0.100414 0.009812 -0.070347
0.071979 -0.153563 -0.042113 -0.089602 -0.039157 -0.031559 -0.079452 0.025889 -0.001949 -0.140409 -0.135594 -0.061901 -0.046564
0.091576 -0.077663 -0.083768 0.090540 0.105362 -0.119270 -0.081258 0.060804 0.068475 -0.006947 -0.081245 -0.000734 -0.116272
