-0.028028 0.052728 0.045110 -0.001400 -0.079258 0.082760 -0.009691 -0.082627 0.050517 -0.003990 -0.014770 0.005297 -0.000954
0.085248 -0.094263 -0.016794 0.001519 -0.025589 -0.051296 -0.087395 0.047173 -0.089561 0.057946 -0.085192 0.039292 0.045334
0.013751 0.090412 -0.037333 0.049181 -0.063498 -0.027432 0.002328 -0.032113 0.001923 0.041871 -0.077217 0.011037 0.085960
0.058042 0.035203 0.003669 -0.025480 0.031020 0.057666 0.031066 -0.025175 -0.088637 -0.030471 0.052305 -0.047043 0.078422
-0.059618 0.048218 0.012958 0.041731 -0.021409 -0.043239 -0.047187 0.066516 0.035828 0.036357 0.080727 -0.033296 0.071845
0.084679 0.073102 0.070143 0.099425 0.003422 -0.064094 -0.043241 -0.020010 -0.058250 0.009502 -0.001078 0.019456 -0.072527
-0.051140 0.068178 0.049316 -0.001334 -0.056403 -0.043589 -0.095081 -0.009355 -0.043330 -0.013427 -0.078568 -0.090755 -0.046386
0.056463 0.099122 -0.059993 0.051172 -0.084416 0.036980 -0.093742 0.060350 -0.059681 -0.032659 0.094476 -0.035648 0.093922
-0.048621 -0.036831 -0.008822 0.091072 -0.020610 0.015988 0.060197 -0.068069 0.014003 -0.094809 -0.016392 0.083384 -0.063822
0.006512 0.064857 0.030185 0.047863 -0.023840 0.050670 -0.028814 -0.091368 -0.093697 -0.015948 -0.049396 -0.021171 -0.048624
-0.011381 0.011020 0.009430 -0.089286 -0.084859 0.005280 0.089106 -0.012230 0.050536 -0.065842 -0.058013 -0.014216 -0.086881
0.009373 -0.016775 -0.068330 0.055934 -0.007552 -0.027364 -0.074525 -0.090691 0.012854 0.039930 0.005094 -0.097125 -0.095607
-0.093162 0.004169 0.097034 0.049479 -0.050211 -0.055813 -0.070731 -0.057505 -0.088253 0.006959 0.024924 0.088812 -0.053270
