-0.075355 0.047621 0.043308 -0.001589 0.106373 0.076310 -0.080634 -0.019979 -0.078954 0.065067 0.140792 0.110901 0.052629
0.011498 0.028286 0.021720 0.074804 0.062004 0.036571 0.090301 0.050731 0.028871 0.133878 0.096759 0.050994 0.102691
0.126199 -0.045344 -0.019528 0.044577 -0.036331 -0.015586 -0.048344 0.113284 -0.040178 -0.018141 0.089111 -0.077139 0.037761
0.027091 -0.010927 0.066940 -0.111493 0.123909 0.064100 0.105904 -0.005216 0.104532 0.022055 0.007806 -0.036490 -0.000228
-0.029509 0.096755 0.012130 -0.067262 -0.016422 -0.014628 0.069071 -0.039344 0.037751 -0.046999 0.114893 0.122232 0.031280
-0.104777 -0.027290 -0.070183 -0.033903 0.078080 -0.107694 0.108956 -0.019795 0.014568 -0.067224 0.052668 0.113317 0.008283
-0.024359 0.104447 -0.060462 0.094416 0.058472 -0.110146 -0.083377 -0.107727 -0.084468 -0.145620 0.032315 -0.076933 -0.039463
0.107783 -0.002811 -0.126292 0.030528 -0.029202 -0.118925 -0.055470 -0.068261 0.073563 -0.098164 0.099889 -0.066939 -0.140728
-0.019599 -0.156133 0.005800 0.121255 -0.017177 -0.133697 -0.051792 -0.026951 0.012646 -0.084839 -0.075392 -0.049626 -0.097817
-0.051105 -0.190896 -0.075247 0.078517 -0.096566 -0.067892 -0.106360 -0.131624 -0.028125 0.006816 -0.168033 -0.117774 -0.000620
-0.047224 0.024100 -0.038263 -0.103197 0.064046 -0.087349 0.023414 0.073654 -0.024421 -0.014959 -0.129616 -0.091838 0.021031
0.067910 0.030658 0.130055 0.032958 0.081517 0.012766 -0.055535 -0.048945 -0.004824 0.058229 0.032775 -0.157230 0.114209
-0.007379 -0.031226 0.109583 0.098866 -0.085062 -0.115542 0.061814 -0.041747 0.127437 0.103238 0.077166 -0.000040 0.089121
