-0.048428 -0.045145 -0.046128 -0.042944 -0.047047 -0.044180 -0.044173 -0.046894 -0.045530 -0.045028 -0.044581 -0.044744 -0.047853
-0.047873 -0.042932 -0.042712 -0.044089 -0.048745 -0.039188 -0.044640 -0.049055 -0.045204 -0.043895 -0.045232 -0.044892 -0.047388
-0.046704 -0.042364 -0.043773 -0.047791 -0.046135 -0.040273 -0.046744 -0.049514 -0.045842 -0.045024 -0.047912 -0.046803 -0.047239
-0.048393 -0.045292 -0.046329 -0.049429 -0.043859 -0.045699 -0.046702 -0.048708 -0.044552 -0.047360 -0.047353 -0.046679 -0.044945
-0.049162 -0.045810 -0.047282 -0.049210 -0.042573 -0.046188 -0.046689 -0.047392 -0.045078 -0.047159 -0.046240 -0.047675 -0.044706
-0.047209 -0.046304 -0.047525 -0.046570 -0.042057 -0.045780 -0.047320 -0.046564 -0.043879 -0.046148 -0.046824 -0.047257 -0.045476
-0.044105 -0.046162 -0.045078 -0.043886 -0.041949 -0.044605 -0.048051 -0.045891 -0.041393 -0.046173 -0.047162 -0.045409 -0.046805
-0.043980 -0.045964 -0.042717 -0.044121 -0.042969 -0.044331 -0.046673 -0.046488 -0.040800 -0.044830 -0.046684 -0.045941 -0.048089
-0.042765 -0.046916 -0.042432 -0.044588 -0.042953 -0.046789 -0.048063 -0.045583 -0.043050 -0.046442 -0.045757 -0.048368 -0.047441
-0.043970 -0.045683 -0.045116 -0.047287 -0.042898 -0.049425 -0.046728 -0.044120 -0.046747 -0.047516 -0.047655 -0.049091 -0.048742
-0.046861 -0.044149 -0.048507 -0.048455 -0.044348 -0.050120 -0.046960 -0.045512 -0.049734 -0.047023 -0.048015 -0.049185 -0.049477
-0.047523 -0.044432 -0.050033 -0.046857 -0.046207 -0.050010 -0.047066 -0.046301 -0.050553 -0.046072 -0.049176 -0.049856 -0.049676
-0.048010 -0.046563 -0.049906 -0.044327 -0.048576 -0.049509 -0.045360 -0.047717 -0.050257 -0.045754 -0.049492 -0.049793 -0.049336
