-0.055658 -0.065219 -0.061508 -0.051961 -0.060127 -0.058707 -0.060245 -0.061348 -0.057809 -0.058897 -0.061004 -0.059298 -0.061770
-0.055170 -0.065155 -0.059624 -0.052302 -0.062790 -0.057411 -0.059760 -0.058741 -0.054924 -0.060138 -0.059727 -0.059762 -0.059760
-0.053604 -0.061231 -0.058463 -0.054290 -0.061222 -0.057596 -0.062044 -0.055442 -0.054675 -0.061249 -0.059699 -0.057799 -0.056517
-0.054073 -0.060417 -0.058051 -0.052863 -0.058565 -0.056983 -0.061549 -0.055959 -0.056018 -0.061360 -0.059658 -0.058122 -0.056377
-0.056339 -0.061180 -0.057015 -0.053862 -0.059265 -0.058335 -0.063232 -0.055785 -0.057984 -0.060149 -0.058007 -0.062503 -0.059703
-0.062503 -0.063042 -0.058966 -0.057547 -0.060597 -0.062534 -0.063974 -0.057214 -0.062949 -0.062067 -0.062268 -0.064343 -0.061726
-0.064744 -0.063364 -0.058710 -0.061337 -0.061756 -0.063838 -0.063581 -0.059121 -0.063776 -0.060887 -0.064139 -0.064811 -0.061758
-0.064456 -0.063292 -0.057294 -0.062922 -0.063698 -0.064713 -0.059517 -0.061728 -0.063714 -0.060943 -0.064648 -0.065283 -0.062894
-0.065128 -0.064169 -0.057953 -0.063242 -0.063274 -0.064913 -0.059218 -0.062811 -0.064648 -0.061835 -0.064904 -0.064775 -0.064890
-0.064770 -0.063501 -0.059006 -0.063145 -0.064865 -0.066049 -0.059407 -0.064469 -0.064125 -0.063132 -0.064936 -0.063883 -0.063855
-0.063881 -0.063872 -0.060549 -0.061809 -0.065350 -0.064823 -0.057709 -0.065066 -0.063902 -0.061395 -0.063830 -0.062422 -0.061783
-0.065006 -0.060312 -0.060745 -0.061416 -0.064811 -0.062260 -0.057936 -0.064357 -0.063520 -0.059488 -0.060452 -0.062052 -0.060259
-0.064221 -0.058955 -0.059093 -0.063068 -0.064901 -0.059523 -0.059466 -0.063616 -0.062534 -0.060818 -0.060562 -0.063423 -0.060626
