-0.062415 -0.061555 -0.061469 -0.064374 -0.063028 -0.060818 -0.062361 -0.061904 -0.060160 -0.062804 -0.060121 -0.061485 -0.062248
-0.062399 -0.061505 -0.060925 -0.063762 -0.062139 -0.059466 -0.062661 -0.060272 -0.059531 -0.061885 -0.058611 -0.061675 -0.061551
-0.061786 -0.059824 -0.059338 -0.063336 -0.061491 -0.056821 -0.062614 -0.058585 -0.058831 -0.061377 -0.059153 -0.061219 -0.060590
-0.061376 -0.057369 -0.059612 -0.062843 -0.059783 -0.055308 -0.062311 -0.057238 -0.056917 -0.058903 -0.060111 -0.059802 -0.059114
-0.059764 -0.053416 -0.059883 -0.062160 -0.056930 -0.055976 -0.060557 -0.056416 -0.056433 -0.056805 -0.060103 -0.056179 -0.057616
-0.057902 -0.050215 -0.059313 -0.061149 -0.052457 -0.056176 -0.058845 -0.055537 -0.052981 -0.057154 -0.059185 -0.053060 -0.056329
-0.058477 -0.047054 -0.057737 -0.059481 -0.048456 -0.055361 -0.055883 -0.053212 -0.047831 -0.057820 -0.057200 -0.048279 -0.057405
-0.056182 -0.048905 -0.060088 -0.057728 -0.049511 -0.055604 -0.053038 -0.052378 -0.048251 -0.058049 -0.053427 -0.048797 -0.057320
-0.051096 -0.054069 -0.060461 -0.053153 -0.049367 -0.055756 -0.054484 -0.054010 -0.053125 -0.060257 -0.054004 -0.052820 -0.058260
-0.050001 -0.055884 -0.058927 -0.050697 -0.050679 -0.054603 -0.057872 -0.051715 -0.055690 -0.059600 -0.052751 -0.056393 -0.057430
-0.049819 -0.054016 -0.056280 -0.052639 -0.050003 -0.054592 -0.060631 -0.045881 -0.057226 -0.057648 -0.053050 -0.056335 -0.055873
-0.051950 -0.054268 -0.055472 -0.055631 -0.052670 -0.057146 -0.059832 -0.046135 -0.056592 -0.053876 -0.056151 -0.054730 -0.054756
-0.054802 -0.053631 -0.053371 -0.057255 -0.050340 -0.057242 -0.055855 -0.049858 -0.055452 -0.052834 -0.058792 -0.055563 -0.057621
