-0.011156 -0.010781 -0.010740 -0.010805 -0.010622 -0.010646 -0.010323 -0.010999 -0.010624 -0.010702 -0.010556 -0.010749 -0.010669
-0.011236 -0.011077 -0.010849 -0.011188 -0.010572 -0.010878 -0.010479 -0.010731 -0.010512 -0.010382 -0.010748 -0.010506 -0.010621
-0.011248 -0.010840 -0.010805 -0.010895 -0.010509 -0.011018 -0.010956 -0.010576 -0.010162 -0.010042 -0.010879 -0.010614 -0.010619
-0.011180 -0.011005 -0.010753 -0.010672 -0.010532 -0.010807 -0.010920 -0.010594 -0.010812 -0.010400 -0.010896 -0.010914 -0.010637
-0.011323 -0.010948 -0.010524 -0.010645 -0.010646 -0.011052 -0.010828 -0.010346 -0.010800 -0.010466 -0.011045 -0.011101 -0.010563
-0.011165 -0.010851 -0.010632 -0.010885 -0.010736 -0.010954 -0.010916 -0.010513 -0.010901 -0.010455 -0.011057 -0.010856 -0.010683
-0.011041 -0.010891 -0.010953 -0.010779 -0.010762 -0.010770 -0.010498 -0.010522 -0.010941 -0.010570 -0.010902 -0.010758 -0.010506
-0.011014 -0.010908 -0.010581 -0.011013 -0.010960 -0.010310 -0.010692 -0.010939 -0.010825 -0.010290 -0.010752 -0.010580 -0.010298
-0.010885 -0.010935 -0.010532 -0.010760 -0.010963 -0.010352 -0.010461 -0.010837 -0.010438 -0.010244 -0.010666 -0.010278 -0.010406
-0.010981 -0.010828 -0.010283 -0.010435 -0.010651 -0.010651 -0.010562 -0.010943 -0.010289 -0.010255 -0.010667 -0.010597 -0.010372
-0.010876 -0.010638 -0.010193 -0.010624 -0.010501 -0.010669 -0.010083 -0.010769 -0.010209 -0.010696 -0.010504 -0.010873 -0.010666
-0.010971 -0.010199 -0.010104 -0.010845 -0.010917 -0.010652 -0.010285 -0.010650 -0.010196 -0.010944 -0.010423 -0.010877 -0.010487
-0.010780 -0.010743 -0.010493 -0.010769 -0.010596 -0.010070 -0.010739 -0.011063 -0.010441 -0.010810 -0.010839 -0.010736 -0.010621
