-0.034038 -0.038711 -0.040107 -0.038544 -0.039625 -0.039275 -0.036199 -0.040062 -0.038842 -0.039041 -0.039318 -0.037308 -0.039850
-0.037692 -0.037909 -0.040193 -0.038281 -0.039589 -0.038303 -0.034495 -0.040727 -0.038516 -0.039266 -0.038164 -0.038474 -0.039181
-0.038580 -0.037539 -0.039846 -0.038949 -0.039397 -0.035579 -0.035560 -0.040373 -0.037803 -0.038425 -0.036083 -0.038703 -0.037122
-0.037879 -0.036690 -0.038741 -0.039117 -0.037840 -0.032015 -0.036988 -0.038983 -0.037769 -0.036604 -0.035430 -0.038296 -0.035846
-0.036384 -0.036481 -0.037786 -0.038062 -0.037761 -0.032426 -0.037392 -0.038116 -0.038117 -0.034686 -0.036245 -0.038529 -0.036852
-0.036056 -0.036426 -0.036924 -0.036602 -0.037186 -0.034341 -0.035698 -0.038481 -0.038254 -0.034873 -0.037762 -0.037788 -0.037255
-0.037566 -0.035747 -0.036275 -0.037195 -0.037207 -0.035753 -0.035372 -0.038407 -0.036384 -0.035600 -0.039436 -0.036983 -0.036545
-0.037809 -0.035835 -0.038033 -0.038318 -0.037772 -0.037280 -0.036639 -0.039229 -0.035972 -0.037999 -0.039343 -0.037713 -0.035984
-0.035980 -0.036547 -0.038676 -0.038316 -0.038688 -0.037596 -0.038448 -0.037956 -0.036838 -0.039170 -0.038386 -0.038496 -0.036335
-0.035498 -0.038807 -0.037976 -0.038540 -0.038752 -0.037540 -0.037862 -0.036086 -0.038758 -0.039075 -0.038182 -0.038971 -0.036673
-0.037219 -0.039631 -0.038802 -0.040028 -0.037495 -0.038532 -0.038743 -0.036078 -0.039347 -0.039781 -0.037746 -0.039447 -0.037046
-0.038835 -0.040023 -0.039471 -0.040340 -0.037674 -0.038481 -0.038870 -0.035159 -0.038927 -0.039351 -0.038476 -0.039152 -0.036842
-0.039283 -0.038714 -0.039257 -0.039640 -0.037058 -0.037884 -0.039062 -0.036706 -0.037290 -0.037714 -0.039989 -0.038416 -0.035794
