0.000132
-0.000155
-0.000242
0.000028
0.000152
-0.000244
0.000089
0.000028
0.000009
-0.000017
-0.000334
-0.000039
0.000021
-0.000007
-0.000015
-0.000067
0.000004
-0.000010
-0.000018
-0.000061
-0.000151
0.000155
-0.000038
0.000009
0.000062
0.000047
-0.000265
-0.000033
-0.000005
0.000016
0.000174
0.000277
-0.000318
0.000236
-0.000129
0.000210
0.000090
-0.000060
-0.000076
0.000087
-0.000088
-0.000101
0.000233
0.000104
-0.000031
-0.000115
0.000462
0.000075
0.000244
0.000143
0.000292
0.000034
0.000140
0.000136
-0.000209
-0.000120
-0.000064
0.000058
0.000130
0.000061
0.000141
-0.000020
0.000159
-0.000104
-0.000353
-0.000190
0.000396
-0.000353
-0.000016
-0.000039
0.000284
0.000101
0.000181
0.000070
-0.000086
-0.000351
0.000074
-0.000039
-0.000128
0.000175
0.000332
0.000227
-0.000034
-0.000243
0.000186
0.000386
0.000164
0.000217
0.000244
-0.000250
0.000005
-0.000033
0.000047
0.000145
0.000089
0.000020
0.000077
0.000107
-0.000169
0.000183
0.000004
-0.000081
-0.000091
0.000030
0.000106
-0.000044
-0.000036
0.000035
0.000189
-0.000003
-0.000001
-0.000129
0.000207
0.000111
0.000085
0.000172
-0.000054
0.000314
-0.000010
-0.000121
0.000194
-0.000042
-0.000159
-0.000057
0.000187
0.000114
-0.000259
-0.000142
-0.000022
-0.000108
0.000328
-0.000113
-0.000000
-0.000118
0.000249
-0.000303
0.000088
-0.000129
0.000206
0.000141
-0.000099
-0.000081
0.000280
0.000203
0.000228
-0.000113
0.000132
-0.000051
-0.000125
0.000322
0.000098
-0.000055
-0.000056
0.000046
0.000323
-0.000400
0.000043
0.000053
-0.000300
-0.000202
-0.000056
0.000177
0.000277
0.000180
-0.000379
-0.000066
0.000037
-0.000031
0.000323
-0.000197
0.000172
0.000090
-0.000138
-0.000071
0.000033
-0.000019
0.000093
-0.000028
0.000377
-0.000011
-0.000168
-0.000081
-0.000008
0.000083
0.000108
-0.000022
0.000198
-0.000070
-0.000167
0.000050
0.000157
0.000055
0.000027
0.000054
0.000013
0.000170
0.000469
-0.000033
0.000148
0.000231
