0.000694
0.001138
0.001438
-0.000680
0.000046
0.000814
-0.000173
0.000184
0.001091
0.000614
-0.001084
0.001304
-0.000233
-0.000924
-0.000729
-0.001071
-0.000900
-0.001207
-0.000884
0.000564
-0.000143
-0.001187
0.001240
0.001263
0.000037
0.001044
-0.001132
-0.000037
-0.000453
0.001401
-0.001223
-0.001329
-0.000289
0.000563
-0.000875
-0.001035
-0.001103
-0.001133
-0.000897
-0.000684
0.000875
0.000551
-0.000211
0.001134
-0.000190
-0.001110
-0.000481
-0.001344
0.000431
0.001226
-0.000686
0.000716
0.000137
-0.000760
-0.001016
0.001350
-0.000656
0.000364
0.000001
0.000948
-0.000836
-0.000143
0.000969
0.000545
-0.000624
0.001459
-0.000157
0.000949
-0.000022
-0.000244
-0.000061
-0.000457
-0.000403
0.000931
0.001470
0.000885
0.001133
0.000548
0.001051
-0.000971
-0.000830
-0.000081
0.001527
-0.000618
0.001156
-0.000874
0.001581
-0.000768
0.000023
-0.000803
0.001411
-0.001011
-0.001693
0.000967
-0.000155
0.001013
0.000946
0.001354
-0.000278
0.000235
0.001316
0.000746
0.000813
-0.000852
0.000736
-0.000438
-0.000042
0.000203
0.000509
0.001074
0.000070
-0.000657
0.001265
0.000790
-0.000846
0.001595
-0.000645
0.000004
0.000285
0.001251
0.001131
-0.000733
-0.001030
-0.000946
0.000871
0.001176
-0.000374
-0.001103
-0.000628
-0.000032
0.000772
0.000259
-0.000316
0.001237
-0.000435
-0.001039
0.000105
0.000113
0.000578
-0.000305
-0.001053
-0.000699
-0.000666
-0.000944
0.000960
0.001595
-0.000998
-0.000153
-0.000014
0.001720
0.001460
0.001312
0.001388
0.001312
-0.000597
-0.000841
0.000101
0.001265
-0.001294
-0.000077
-0.000099
-0.001057
-0.000590
-0.000648
0.000598
-0.001135
0.000110
0.000506
0.001483
-0.001350
0.000150
-0.000520
-0.001183
0.000205
-0.001034
0.000826
-0.001193
-0.000421
0.001055
-0.000776
0.001456
-0.001034
-0.000316
0.000988
0.001490
-0.001064
0.001263
-0.001089
-0.000864
0.000958
-0.000636
-0.000618
0.000837
-0.000009
0.001289
0.001035
-0.001568
0.001336
0.001048
0.000902
