-0.004079
-0.001050
0.003918
-0.004359
0.004515
0.001370
0.000704
-0.004583
-0.000327
-0.000427
0.001363
0.000509
-0.000555
0.003648
0.000121
-0.001804
-0.001893
0.002889
0.000514
-0.000772
-0.003304
-0.001256
-0.004794
0.001791
0.002111
-0.003493
-0.002669
0.003289
-0.000551
0.003542
0.000331
-0.004401
0.000038
0.000123
0.003823
-0.000754
0.002316
0.004276
-0.003332
0.001020
0.000207
0.000164
-0.000842
0.000632
0.002603
-0.000412
-0.002637
0.000763
0.000361
0.002133
0.000053
-0.002893
0.002747
0.003787
0.001177
-0.002591
-0.001217
-0.001722
0.002615
-0.001282
-0.003793
-0.000943
-0.003774
0.003484
0.001064
-0.002786
-0.001435
0.003582
0.003306
0.002032
0.005175
0.001114
0.001565
0.000793
0.002183
0.000737
0.000167
0.000361
0.000586
-0.000974
0.005815
-0.000332
-0.000619
-0.000073
0.000862
-0.000279
0.003333
-0.002439
-0.002311
0.001138
0.000892
-0.003065
0.006018
-0.001053
-0.000260
-0.001813
0.002808
-0.002839
0.006056
-0.001435
0.001049
-0.000236
-0.001266
-0.004459
0.002964
0.002157
-0.001561
0.002134
-0.000431
0.001522
0.000491
0.000526
0.000989
-0.005793
-0.001003
0.000583
0.005032
0.002726
-0.002037
0.002704
-0.004647
-0.000927
-0.001019
0.000595
0.000964
-0.001366
-0.002202
-0.002322
0.000466
-0.001106
-0.000185
-0.004648
0.002828
-0.000019
0.004295
-0.004375
0.002986
0.001161
-0.000884
0.002180
0.000741
-0.001260
-0.000115
0.002304
-0.001169
0.002314
-0.004646
0.000019
0.001795
0.001537
-0.002529
0.000428
-0.001381
0.002999
0.001117
-0.003043
-0.002737
0.001924
0.002032
0.002849
0.000014
0.002384
0.000730
0.000489
-0.003136
0.002854
0.000894
0.000494
-0.000958
-0.001299
0.001877
-0.000774
-0.003358
0.004885
-0.001881
0.001021
-0.000162
-0.000633
0.002749
0.000169
0.000280
-0.003603
0.004252
-0.002072
-0.002706
0.004114
0.001424
0.002947
-0.002364
0.000926
0.002794
-0.000783
0.000523
0.002398
0.000532
0.001175
0.003325
0.000812
0.003211
-0.002114
