-0.093935 0.080207 0.087420 -0.045376 0.061554 0.095683 0.017168 0.032683 -0.018866 0.029942 0.024856 -0.089690 0.031797
0.007639 -0.030772 0.052938 -0.009467 -0.037954 0.018891 -0.095088 0.082395 -0.011018 0.091574 0.056057 0.090374 0.031881
0.085087 0.069901 0.055569 0.087145 0.060776 -0.072814 -0.050444 0.074893 0.007031 -0.036797 -0.070685 -0.038621 -0.025936
-0.035645 -0.051424 0.050635 0.094083 -0.079640 -0.095266 -0.044217 0.082835 0.066640 -0.021139 -0.012909 -0.031110 -0.055045
-0.028162 -0.090982 0.034706 0.053566 0.044864 -0.074680 0.093798 -0.002179 -0.061677 -0.072752 -0.050523 0.007881 0.014467
-0.053972 0.064381 -0.080144 -0.083455 -0.019452 -0.060318 -0.075538 0.036078 0.096180 0.017548 -0.047977 -0.041649 0.001353
0.050753 -0.077209 -0.078412 -0.039909 0.012948 -0.013869 -0.089322 0.014674 -0.029072 -0.037940 0.088606 -0.094780 -0.054636
0.063251 -0.018988 0.066628 -0.014601 -0.080983 -0.010950 -0.050737 0.015676 -0.062365 -0.037511 0.071381 0.051875 -0.089401
-0.072602 -0.089209 -0.066180 0.046587 0.086799 0.057715 0.098246 -0.034461 -0.017051 0.090951 -0.012158 -0.045776 -0.074050
-0.096581 0.069049 0.041871 -0.032942 0.075024 -0.005715 -0.053194 -0.084655 0.030186 -0.086991 0.013121 -0.047811 -0.031041
-0.053127 0.049094 -0.036190 0.077766 -0.087722 0.034258 -0.058188 -0.059527 0.060393 0.098387 -0.068196 0.086616 -0.076831
0.056282 0.096733 0.059845 0.096482 0.062679 -0.011726 0.013428 -0.097711 -0.034928 0.041050 -0.052581 -0.023260 -0.006140
0.048230 -0.064735 0.068061 -0.025471 -0.052671 -0.042678 0.061371 0.006315 -0.051971 -0.046748 0.099712 0.000148 -0.063704
