0.031848 -0.021519 -0.000867 0.055720 -0.037099 -0.019131 -0.084406 -0.008652 -0.069643 0.063436 0.081478 0.009728 -0.083631
0.014157 0.063852 -0.018358 0.029797 0.025005 0.081042 0.007868 -0.007467 0.088241 -0.011506 -0.006182 -0.096419 -0.023158
-0.016098 0.038319 -0.012288 -0.067871 -0.053108 -0.025625 0.050208 0.045227 -0.087234 -0.075220 0.061120 -0.000555 -0.000668
-0.092021 -0.094977 -0.058814 0.084794 -0.094181 0.080411 -0.044144 -0.003140 -0.022554 -0.009310 0.065046 0.095841 -0.037851
-0.007642 -0.093632 -0.087909 -0.090150 -0.037450 0.090357 -0.021365 -0.082234 0.096237 -0.053472 0.019633 0.046767 -0.047980
0.052596 0.037677 0.088367 -0.054599 0.088222 0.087187 0.040853 -0.033985 0.075348 -0.010639 0.009843 0.021135 -0.032194
0.058834 0.048168 -0.048273 0.054117 0.053415 0.064750 -0.056291 0.085247 0.062965 0.001185 -0.038978 -0.007144 0.045748
-0.044727 0.065025 0.049327 0.062941 0.034264 0.028491 0.096442 0.060929 0.071356 -0.067658 -0.059984 0.000330 -0.011598
0.068569 0.057438 -0.013097 0.092075 0.093424 -0.058529 0.044155 -0.025523 -0.094571 -0.047486 0.095845 -0.013284 -0.041737
0.070707 0.066141 0.018435 -0.088507 -0.069456 -0.026183 -0.076246 0.044031 0.021165 0.028071 0.097622 0.032190 -0.007528
0.026913 -0.023278 -0.054883 0.067434 0.092440 0.053740 -0.026952 0.057088 -0.076353 0.028942 0.037467 0.093766 0.016737
0.079319 -0.081054 -0.069613 0.075721 -0.034759 -0.017555 -0.028052 0.037708 -0.072389 -0.004532 -0.063959 -0.024503 0.061495
0.077479 0.079751 0.029029 -0.000780 0.053523 -0.063909 0.032246 0.044480 -0.000798 0.072912 0.070474 0.037478 -0.050091
