0.045098 0.030295 0.010704 -0.005122 -0.018058 0.096634 0.018657 0.066701 0.040389 0.056008 -0.066857 -0.012892 0.076097
-0.089271 0.068065 -0.025802 0.083480 -0.018865 0.006836 -0.068590 -0.090945 -0.018730 -0.023766 -0.089306 0.059717 -0.007481
-0.012556 -0.010004 -0.032896 0.076535 0.072018 0.047261 0.082882 -0.017101 0.005677 0.099066 0.024531 0.089300 0.099817
0.062259 0.078150 0.037451 0.093264 0.043978 -0.086230 0.063345 -0.096445 -0.031183 -0.001895 0.092432 0.089988 0.011353
-0.017961 -0.092699 0.039551 0.011478 0.030783 -0.003846 0.048570 -0.005420 -0.001087 -0.068257 -0.065487 -0.060430 0.038671
-0.073801 -0.065071 0.015972 0.089353 -0.042739 -0.000943 0.034697 -0.001547 -0.029796 0.081527 0.070628 -0.054230 -0.060505
0.083469 -0.068111 -0.096483 0.020361 -0.088089 -0.043852 0.009007 -0.019127 -0.095468 0.024023 0.042231 -0.069191 0.041687
0.033701 -0.060416 0.079511 0.082685 0.062285 0.018215 -0.083946 -0.037315 -0.078054 -0.039579 -0.091077 -0.068880 0.029015
-0.076954 0.091541 0.017646 -0.017649 -0.060836 0.021561 -0.043220 0.065767 0.045342 0.055393 -0.031725 -0.044224 -0.009306
-0.004448 0.092716 0.083167 -0.097554 0.007117 -0.027030 0.062426 0.016583 0.045695 0.051340 0.061781 0.037242 0.059779
-0.065647 -0.077578 0.011249 -0.048694 -0.086231 -0.055460 0.052694 -0.085315 0.049108 0.032304 -0.012990 0.047986 -0.034803
-0.026854 0.007357 0.032026 0.013817 0.086661 0.076970 0.094037 -0.076670 -0.032743 -0.030706 0.028051 -0.038348 -0.013091
0.090245 -0.064164 -0.077491 0.005718 -0.099621 -0.029305 -0.019009 -0.025817 -0.014645 -0.080880 0.040661 -0.023658 0.023051
