-0.008035 0.027349 -0.017858 -0.064559 -0.002223 0.006411 -0.016170 -0.010577 -0.002875 0.024589 -0.009762 0.008942 0.070508
0.058624 -0.075996 -0.016284 -0.035540 0.069960 -0.042066 -0.038629 0.095501 -0.033883 -0.025465 -0.069525 -0.094246 0.018265
0.047894 -0.086042 -0.059631 -0.008433 0.034158 -0.088288 0.016490 0.085362 0.074324 -0.066178 0.056538 0.073113 -0.004861
0.077291 0.056355 0.011607 0.056129 -0.088035 0.085512 -0.008632 0.043964 -0.072604 0.081571 0.021990 -0.083614 -0.077857
0.056033 -0.010785 0.023792 0.043530 -0.011937 -0.062438 -0.053996 -0.014319 0.047711 0.063829 -0.049425 0.074200 -0.032612
0.050944 0.059832 0.096092 0.018100 -0.068419 0.005795 0.016561 0.023975 0.066725 0.047174 0.054249 0.015103 -0.028106
-0.092429 -0.033157 -0.094617 -0.050439 -0.029816 -0.066750 0.068298 -0.044993 -0.091267 0.067224 0.072756 0.007475 0.082515
0.023890 0.017222 -0.085282 -0.024398 -0.007402 -0.026124 -0.012996 0.025769 -0.081499 -0.084374 0.066432 -0.034322 0.048522
-0.092349 0.062846 -0.067500 -0.090034 -0.040435 0.021745 0.068100 0.061828 -0.051161 -0.039789 -0.095016 0.074946 -0.024358
-0.090137 -0.028535 -0.033301 -0.015012 -0.014722 0.086481 -0.054049 -0.011058 0.003185 0.099002 0.082127 0.050339 -0.002863
0.052485 -0.037033 0.068934 0.099084 -0.008713 0.084154 -0.089017 -0.019497 0.078761 -0.029425 -0.051907 -0.066488 0.031862
-0.028404 -0.097531 0.056424 0.052377 0.000611 0.076982 0.024916 -0.021712 0.081033 -0.028298 0.081948 0.073265 0.010414
0.030372 0.015717 0.040835 -0.094559 0.028787 0.037546 -0.065917 0.041473 0.079281 -0.064025 -0.020274 0.057126 0.042828
