-0.080513 0.062023 -0.025193 -0.033793 0.011608 0.079192 0.067204 -0.037034 0.042086 -0.038961 -0.080248 -0.014480 -0.028433
0.011496 -0.043516 -0.053685 -0.028851 -0.061546 0.082499 -0.052390 -0.038082 0.036142 -0.054782 0.099268 -0.058468 -0.078983
0.098719 0.015785 -0.094038 -0.036202 0.019707 -0.045436 -0.082836 -0.035534 0.075031 -0.093524 0.051697 0.062655 0.016047
0.025714 0.011503 -0.032624 -0.000688 0.097081 -0.096677 -0.028779 0.010988 -0.076314 -0.058450 -0.064929 -0.028374 -0.062096
0.029724 0.026346 0.049589 -0.069710 0.007901 -0.002129 0.052170 -0.016602 -0.043116 0.055624 0.035057 0.024781 0.034064
-0.041039 -0.083953 0.080864 -0.056570 -0.054486 -0.079094 -0.096041 -0.038059 -0.024901 -0.084202 0.015504 0.072312 0.097290
-0.026362 0.014901 0.071932 -0.055973 -0.029374 0.089589 0.053809 0.052547 0.098624 -0.087642 -0.085664 -0.070079 0.057945
0.060580 0.051593 -0.027045 0.091616 -0.088650 0.018839 -0.008732 0.010775 -0.016013 0.062247 -0.064455 -0.086918 0.091540
0.009260 -0.021142 -0.030078 0.021125 0.084298 0.033387 -0.048388 0.099846 0.052235 0.077475 -0.067457 0.045897 -0.046053
0.056738 0.069412 0.071922 -0.055121 -0.057011 0.086789 0.054046 -0.030306 0.097784 0.085767 -0.041937 -0.088650 0.051489
-0.044008 -0.079226 -0.049958 0.013788 -0.007505 -0.021981 0.022052 0.047846 -0.036134 0.077016 0.093201 0.066405 0.065770
0.007863 -0.041432 0.055483 -0.077857 -0.086109 -0.076132 0.070984 0.057338 0.013537 -0.008262 -0.043203 0.028883 0.000351
-0.035595 -0.050388 -0.062548 0.038223 0.051189 -0.086528 -0.045132 -0.099841 0.028986 0.064094 0.065673 0.029334 0.029670
