-0.038401 0.095467 -0.020207 -0.087056 -0.063478 -0.029532 0.099492 0.089216 0.055388 -0.017401 0.051935 -0.058732 0.065019
-0.005874 0.079380 0.011473 -0.039294 0.069798 -0.026441 -0.063252 -0.010023 -0.053227 0.023648 -0.069722 0.034281 0.052157
-0.088320 -0.018493 -0.050440 0.055443 0.070497 0.015029 0.069937 -0.094066 -0.006070 0.009496 0.075361 -0.059931 -0.091561
-0.047701 -0.081310 0.034519 -0.096167 -0.056514 -0.027351 0.054593 0.049613 -0.006980 0.049419 0.037270 -0.096898 -0.091860
-0.037643 0.050204 -0.086155 -0.068536 -0.058247 -0.097574 0.099284 -0.072853 -0.096000 -0.049364 -0.088911 0.091385 -0.078262
0.088985 0.015164 0.033103 -0.066359 -0.009416 0.059793 0.039676 -0.031140 0.083014 0.059386 0.023751 0.066417 0.058470
0.086979 0.040199 0.029095 0.067715 -0.033250 -0.040491 0.071698 -0.000792 0.015716 -0.061132 0.086259 0.098968 -0.083847
0.088746 -0.060383 -0.076686 -0.035310 0.083670 0.055131 -0.096396 0.020158 -0.035401 -0.027515 0.096221 0.090289 0.081635
0.022452 0.072133 -0.055674 0.097110 -0.089040 0.066990 -0.067175 -0.073164 0.077886 -0.030146 0.058816 0.074959 0.078811
0.031707 -0.030717 -0.033689 -0.037869 -0.007228 0.051447 0.022115 0.084553 0.023632 0.033445 -0.052247 -0.006965 0.090873
-0.047643 0.091473 0.067479 0.068042 0.095119 0.070561 -0.086226 0.038000 0.020509 -0.027301 0.084152 -0.001207 -0.077289
0.081586 -0.083680 0.009692 -0.060675 -0.025677 0.009947 -0.003638 0.042916 0.016422 -0.089611 -0.088842 -0.027951 0.000227
0.076805 -0.032348 -0.052033 0.088768 0.095578 -0.077503 -0.043311 0.054672 0.067970 0.012526 -0.056318 0.006208 -0.087787
