-0.028159 0.052945 0.045295 -0.001416 -0.079607 0.083109 -0.009736 -0.082986 0.050726 -0.004016 -0.014845 0.005311 -0.000968
0.085604 -0.094678 -0.016876 0.001516 -0.025706 -0.051524 -0.087774 0.047370 -0.089956 0.058186 -0.085569 0.039452 0.045518
0.013801 0.090791 -0.037503 0.049385 -0.063779 -0.027558 0.002333 -0.032259 0.001920 0.042042 -0.077560 0.011075 0.086318
0.058281 0.035344 0.003676 -0.025598 0.031145 0.057903 0.031195 -0.025291 -0.089031 -0.030612 0.052519 -0.047256 0.078747
-0.059885 0.048415 0.013005 0.041901 -0.021510 -0.043434 -0.047396 0.066790 0.035970 0.036505 0.081066 -0.033452 0.072142
0.085033 0.073406 0.070436 0.099844 0.003428 -0.064379 -0.043432 -0.020107 -0.058512 0.009533 -0.001090 0.019529 -0.072852
-0.051368 0.068462 0.049520 -0.001349 -0.056655 -0.043786 -0.095492 -0.009403 -0.043526 -0.013493 -0.078913 -0.091153 -0.046597
0.056699 0.099538 -0.060260 0.051384 -0.084787 0.037132 -0.094150 0.060601 -0.059943 -0.032806 0.094874 -0.035810 0.094314
-0.048837 -0.036998 -0.008869 0.091454 -0.020707 0.016046 0.060448 -0.068369 0.014054 -0.095224 -0.016470 0.083734 -0.064104
0.006534 0.065127 0.030306 0.048060 -0.023951 0.050880 -0.028946 -0.091766 -0.094107 -0.016022 -0.049614 -0.021269 -0.048838
-0.011436 0.011062 0.009463 -0.089678 -0.085230 0.005297 0.089482 -0.012286 0.050744 -0.066129 -0.058264 -0.014281 -0.087259
0.009408 -0.016853 -0.068631 0.056166 -0.007590 -0.027488 -0.074851 -0.091081 0.012901 0.040096 0.005113 -0.097545 -0.096020
-0.093570 0.004180 0.097442 0.049681 -0.050436 -0.056060 -0.071041 -0.057754 -0.088641 0.006981 0.025025 0.089187 -0.053502
