-0.073516 0.015454 0.021001 -0.018559 0.070712 0.044550 -0.077502 -0.038712 -0.072658 0.031262 0.097045 0.073727 0.017825
-0.014256 0.004548 0.004829 0.053757 0.032089 0.013935 0.080697 0.023939 0.026647 0.099611 0.053189 0.027255 0.068120
0.093490 -0.049791 -0.032264 0.040475 -0.054129 -0.026555 -0.055551 0.095294 -0.042459 -0.034199 0.058729 -0.073098 0.018941
-0.001520 -0.025582 0.048617 -0.093677 0.093555 0.057440 0.086360 -0.009150 0.088469 0.018054 -0.013749 -0.046150 -0.010778
-0.032449 0.068984 0.009628 -0.049998 -0.046738 -0.001670 0.042322 -0.024508 0.021366 -0.029889 0.090557 0.099700 0.031888
-0.089017 -0.045480 -0.045536 -0.033694 0.048772 -0.068203 0.093243 0.009201 0.011246 -0.033571 0.030355 0.099449 0.025895
-0.023994 0.093238 -0.008950 0.075466 0.041519 -0.053516 -0.064074 -0.062775 -0.071852 -0.090426 0.015164 -0.054683 0.010149
0.091700 0.006025 -0.081635 -0.002478 -0.035819 -0.062446 -0.027975 -0.036838 0.070428 -0.056844 0.082520 -0.031353 -0.072388
-0.020774 -0.089181 0.035622 0.097571 0.001205 -0.067994 -0.012111 0.004862 0.018776 -0.052410 -0.052878 0.000428 -0.040113
-0.017693 -0.096089 -0.037073 0.089547 -0.051132 0.009399 -0.043758 -0.077015 0.010397 0.042842 -0.090947 -0.033542 0.039421
-0.028733 0.054103 -0.038855 -0.094819 0.066486 -0.038894 0.050017 0.086099 -0.006712 -0.005440 -0.084189 -0.024245 0.016174
0.058578 0.029593 0.098222 0.012411 0.068481 0.038705 -0.051699 -0.041999 -0.010533 0.037814 0.028841 -0.098012 0.079096
-0.018550 -0.034516 0.070839 0.067596 -0.077185 -0.084875 0.044580 -0.037555 0.099128 0.074827 0.058522 0.019884 0.047094
