-0.093621 0.079755 0.086938 -0.045285 0.061187 0.095165 0.017009 0.032424 -0.018891 0.029692 0.024650 -0.089402 0.031557
0.007511 -0.030741 0.052600 -0.009527 -0.037889 0.018711 -0.094782 0.081926 -0.011082 0.091060 0.055722 0.089888 0.031648
0.084629 0.069497 0.055233 0.086673 0.060426 -0.072597 -0.050315 0.074459 0.006892 -0.036749 -0.070463 -0.038524 -0.025898
-0.035579 -0.051290 0.050327 0.093584 -0.079381 -0.094928 -0.044112 0.082383 0.066256 -0.021131 -0.012913 -0.031048 -0.054866
-0.028123 -0.090670 0.034475 0.053248 0.044591 -0.074406 0.093297 -0.002250 -0.061511 -0.072495 -0.050368 0.007769 0.014340
-0.053832 0.064018 -0.079866 -0.083165 -0.019445 -0.060107 -0.075298 0.035839 0.095664 0.017392 -0.047847 -0.041544 0.001263
0.050437 -0.076940 -0.078138 -0.039804 0.012814 -0.013886 -0.089015 0.014517 -0.029023 -0.037871 0.088146 -0.094434 -0.054487
0.062899 -0.018963 0.066261 -0.014608 -0.080699 -0.010986 -0.050578 0.015525 -0.062170 -0.037443 0.070981 0.051550 -0.089112
-0.072344 -0.088886 -0.065958 0.046318 0.086348 0.057376 0.097729 -0.034402 -0.017074 0.090456 -0.012198 -0.045679 -0.073840
-0.096232 0.068676 0.041615 -0.032865 0.074619 -0.005787 -0.053046 -0.084382 0.029954 -0.086722 0.012969 -0.047700 -0.031017
-0.052981 0.048788 -0.036123 0.077338 -0.087441 0.034006 -0.058032 -0.059389 0.060027 0.097859 -0.068011 0.086140 -0.076612
0.055939 0.096207 0.059489 0.095962 0.062307 -0.011784 0.013270 -0.097419 -0.034893 0.040767 -0.052477 -0.023288 -0.006233
0.047925 -0.064556 0.067667 -0.025458 -0.052541 -0.042602 0.061007 0.006185 -0.051858 -0.046661 0.099179 0.000031 -0.063545
