-0.006583 0.028669 -0.016433 -0.063034 -0.000738 0.007767 -0.014692 -0.009058 -0.001443 0.025964 -0.008264 0.010372 0.071765
0.059807 -0.074532 -0.014952 -0.034151 0.071091 -0.040672 -0.037144 0.096575 -0.032379 -0.024020 -0.067852 -0.092512 0.019626
0.049169 -0.084510 -0.058100 -0.007003 0.035461 -0.086601 0.017840 0.086540 0.075487 -0.064487 0.057807 0.074275 -0.003328
0.078498 0.057478 0.012942 0.057358 -0.086330 0.086638 -0.007166 0.045282 -0.070873 0.082758 0.023418 -0.081801 -0.076069
0.057306 -0.009356 0.025124 0.044834 -0.010547 -0.060776 -0.052341 -0.012798 0.048979 0.065074 -0.047737 0.075435 -0.030963
0.052168 0.061013 0.097123 0.019458 -0.066884 0.007167 0.017968 0.025342 0.067933 0.048536 0.055524 0.016578 -0.026432
-0.090935 -0.031730 -0.093069 -0.048981 -0.028461 -0.065198 0.069435 -0.043444 -0.089529 0.068428 0.073904 0.008941 0.083710
0.025024 0.018497 -0.083815 -0.022998 -0.006087 -0.024649 -0.011542 0.027091 -0.079743 -0.082531 0.067680 -0.032616 0.049896
-0.090883 0.063941 -0.066110 -0.088469 -0.039036 0.023052 0.069225 0.063012 -0.049480 -0.038096 -0.093092 0.076180 -0.022668
-0.088601 -0.027141 -0.031885 -0.013596 -0.013335 0.087646 -0.052418 -0.009548 0.004704 0.100153 0.083386 0.051723 -0.001187
0.053669 -0.035583 0.070082 0.100165 -0.007290 0.085340 -0.087231 -0.017933 0.079986 -0.027707 -0.050066 -0.064526 0.033384
-0.026891 -0.095845 0.057695 0.053628 0.002059 0.078206 0.026292 -0.020081 0.082301 -0.026578 0.083227 0.074602 0.012042
0.031686 0.017048 0.042146 -0.092862 0.030106 0.038856 -0.064235 0.042801 0.080503 -0.062216 -0.018592 0.058500 0.044263
