-0.069757 0.019001 0.024550 -0.014902 0.074099 0.048027 -0.073798 -0.035068 -0.069030 0.034705 0.100289 0.077026 0.021284
-0.010682 0.008061 0.008401 0.057123 0.035568 0.017443 0.083909 0.027401 0.029984 0.102812 0.056572 0.030632 0.071440
0.096661 -0.046249 -0.028691 0.043749 -0.050517 -0.023041 -0.051979 0.098407 -0.038932 -0.030675 0.061981 -0.069643 0.022287
0.002000 -0.022037 0.051960 -0.090018 0.096759 0.060684 0.089563 -0.005672 0.091659 0.021361 -0.010213 -0.042641 -0.007328
-0.029009 0.072237 0.013026 -0.046515 -0.043067 0.001687 0.045714 -0.021051 0.024787 -0.026504 0.093750 0.102840 0.035226
-0.085567 -0.041918 -0.042104 -0.030226 0.052066 -0.064820 0.096399 0.012502 0.014599 -0.030267 0.033693 0.102565 0.029216
-0.020627 0.096317 -0.005762 0.078564 0.044741 -0.050324 -0.060609 -0.059412 -0.068347 -0.087083 0.018526 -0.051288 0.013388
0.094806 0.009357 -0.078170 0.000940 -0.032333 -0.059196 -0.024614 -0.033500 0.073610 -0.053523 0.085660 -0.028042 -0.068976
-0.017322 -0.085768 0.038790 0.100673 0.004508 -0.064705 -0.008757 0.008110 0.022100 -0.049014 -0.049488 0.003628 -0.036775
-0.014452 -0.092797 -0.033787 0.092515 -0.047803 0.012384 -0.040483 -0.073642 0.013527 0.045871 -0.087729 -0.030416 0.042512
-0.025261 0.057264 -0.035306 -0.091154 0.069689 -0.035508 0.053198 0.089130 -0.003377 -0.002075 -0.080806 -0.021116 0.019552
0.061919 0.032969 0.101437 0.015875 0.071733 0.041942 -0.048101 -0.038515 -0.007054 0.041148 0.032158 -0.094687 0.082391
-0.015002 -0.030994 0.074163 0.070890 -0.073540 -0.081321 0.047877 -0.034127 0.102304 0.078073 0.061797 0.023049 0.050476
