-0.006098 -0.006140 -0.005883 -0.006022 -0.005968 -0.005942 -0.005927 -0.005715 -0.006158 -0.006090 -0.006174 -0.005989 -0.006004
-0.006012 -0.006243 -0.005774 -0.005874 -0.005996 -0.005840 -0.005959 -0.005618 -0.006112 -0.005917 -0.005931 -0.006025 -0.005811
-0.005867 -0.006144 -0.005819 -0.005560 -0.006038 -0.005863 -0.005982 -0.005802 -0.005861 -0.005700 -0.005872 -0.005977 -0.005775
-0.005904 -0.006147 -0.005924 -0.005569 -0.005841 -0.005612 -0.005786 -0.005916 -0.006200 -0.005592 -0.006114 -0.006034 -0.005984
-0.005744 -0.005832 -0.005796 -0.005380 -0.005917 -0.005578 -0.005614 -0.005790 -0.005841 -0.005549 -0.006032 -0.006014 -0.005595
-0.005783 -0.005711 -0.005816 -0.005468 -0.005506 -0.005810 -0.005783 -0.005751 -0.006156 -0.005816 -0.005941 -0.005678 -0.005795
-0.005898 -0.005683 -0.005714 -0.005884 -0.005618 -0.005784 -0.005375 -0.005808 -0.005841 -0.005736 -0.005900 -0.005757 -0.005907
-0.005782 -0.005900 -0.005687 -0.005870 -0.005386 -0.005886 -0.005692 -0.006210 -0.005977 -0.005870 -0.005949 -0.006047 -0.005885
-0.005969 -0.006217 -0.005905 -0.005801 -0.005660 -0.005837 -0.005897 -0.005809 -0.005764 -0.005983 -0.005750 -0.005995 -0.006069
-0.006072 -0.005948 -0.005849 -0.005895 -0.006116 -0.005857 -0.005802 -0.005979 -0.005793 -0.005867 -0.005589 -0.006106 -0.006065
-0.006257 -0.005951 -0.005941 -0.005755 -0.006076 -0.005758 -0.006151 -0.005969 -0.006335 -0.005976 -0.005894 -0.006073 -0.006072
-0.006131 -0.005867 -0.005810 -0.006060 -0.006369 -0.005852 -0.006064 -0.006008 -0.006098 -0.006051 -0.005995 -0.006216 -0.006008
-0.006046 -0.005952 -0.006043 -0.005959 -0.006161 -0.006072 -0.006359 -0.006011 -0.006109 -0.005769 -0.005879 -0.006162 -0.005898
