-0.003955 -0.003756 -0.004013 -0.003805 -0.004145 -0.004099 -0.003984 -0.003871 -0.003918 -0.003990 -0.004092 -0.003926 -0.004082
-0.003817 -0.003914 -0.004009 -0.003405 -0.003883 -0.003853 -0.004387 -0.003811 -0.003916 -0.003876 -0.004268 -0.003656 -0.004064
-0.003680 -0.003931 -0.004062 -0.003334 -0.003832 -0.003898 -0.003908 -0.003836 -0.003972 -0.003743 -0.003972 -0.003800 -0.004134
-0.003763 -0.004231 -0.004123 -0.003411 -0.003811 -0.003640 -0.003853 -0.003357 -0.003836 -0.003515 -0.003848 -0.003817 -0.003861
-0.003729 -0.004214 -0.004290 -0.003361 -0.003643 -0.003955 -0.003745 -0.003522 -0.003582 -0.003696 -0.003636 -0.003896 -0.003811
-0.003902 -0.004097 -0.003824 -0.003628 -0.003554 -0.003970 -0.003755 -0.003574 -0.003760 -0.003470 -0.003650 -0.003869 -0.003860
-0.004117 -0.004167 -0.003615 -0.003931 -0.003807 -0.003738 -0.003628 -0.003570 -0.003764 -0.003865 -0.003713 -0.003649 -0.004250
-0.003962 -0.003927 -0.003537 -0.004019 -0.003745 -0.003883 -0.003930 -0.003834 -0.003897 -0.003811 -0.003717 -0.003955 -0.004013
-0.003880 -0.003984 -0.003677 -0.003816 -0.003904 -0.003826 -0.004259 -0.004066 -0.003919 -0.003897 -0.003814 -0.003783 -0.004059
-0.004104 -0.004256 -0.004074 -0.003909 -0.004030 -0.003855 -0.003672 -0.003668 -0.003705 -0.003878 -0.004265 -0.003893 -0.003926
-0.004371 -0.003777 -0.003949 -0.003725 -0.003942 -0.003739 -0.003806 -0.004100 -0.003594 -0.003811 -0.003705 -0.003936 -0.004077
-0.003917 -0.004263 -0.004173 -0.004132 -0.004120 -0.004004 -0.003850 -0.004113 -0.003765 -0.004687 -0.003810 -0.004065 -0.004048
-0.003932 -0.004400 -0.004359 -0.003764 -0.004132 -0.004344 -0.004396 -0.003879 -0.004064 -0.003987 -0.004012 -0.004133 -0.004565
