-0.000372 0.000158 0.000125 -0.000191 0.000098 0.000194 -0.000063 -0.000008 -0.000172 -0.000004 -0.000016 -0.000327 0.000012
-0.000066 -0.000214 0.000080 -0.000125 -0.000275 -0.000035 -0.000334 0.000190 -0.000123 0.000147 0.000004 0.000188 0.000032
0.000157 0.000072 0.000085 0.000183 0.000070 -0.000301 -0.000197 0.000136 -0.000025 -0.000209 -0.000331 -0.000288 -0.000192
-0.000195 -0.000416 0.000087 0.000162 -0.000269 -0.000504 -0.000246 0.000066 0.000107 -0.000121 -0.000193 -0.000260 -0.000278
-0.000190 -0.000637 0.000040 0.000047 0.000149 -0.000507 0.000327 -0.000226 -0.000156 -0.000301 -0.000293 -0.000056 0.000046
-0.000287 -0.000102 -0.000392 -0.000439 -0.000011 -0.000511 -0.000058 -0.000110 0.000295 -0.000030 -0.000239 -0.000137 -0.000033
-0.000057 -0.000434 -0.000449 -0.000264 -0.000068 -0.000228 -0.000399 -0.000127 -0.000116 -0.000174 0.000144 -0.000414 -0.000276
-0.000051 -0.000248 0.000152 -0.000190 -0.000265 -0.000041 -0.000189 -0.000132 -0.000158 -0.000103 0.000087 0.000110 -0.000274
-0.000450 -0.000391 -0.000364 0.000033 0.000211 0.000175 0.000367 -0.000054 -0.000084 0.000315 -0.000113 -0.000130 -0.000157
-0.000464 0.000074 0.000077 -0.000193 0.000164 -0.000054 -0.000160 -0.000122 0.000045 -0.000253 0.000003 -0.000145 0.000057
-0.000323 0.000027 -0.000119 0.000126 -0.000271 0.000119 -0.000200 -0.000048 0.000165 0.000240 -0.000146 0.000278 -0.000197
0.000036 0.000197 0.000081 0.000198 0.000125 -0.000075 -0.000039 -0.000213 -0.000157 0.000055 -0.000080 0.000034 0.000006
0.000047 -0.000251 0.000117 -0.000115 -0.000249 -0.000076 0.000216 0.000034 -0.000069 -0.000070 0.000221 0.000018 -0.000159
