-0.012821 -0.012984 -0.013056 -0.012586 -0.012904 -0.012748 -0.011969 -0.012048 -0.012270 -0.012660 -0.012561 -0.012819 -0.012643
-0.012772 -0.012796 -0.012774 -0.012809 -0.012827 -0.012363 -0.012529 -0.012540 -0.012522 -0.012993 -0.012801 -0.012732 -0.012777
-0.012628 -0.012797 -0.012413 -0.012844 -0.012398 -0.012323 -0.012303 -0.012391 -0.012918 -0.012598 -0.012951 -0.012350 -0.012746
-0.012477 -0.012585 -0.012671 -0.012348 -0.012664 -0.012249 -0.012697 -0.012284 -0.012881 -0.012094 -0.012673 -0.012685 -0.012619
-0.012100 -0.012600 -0.012816 -0.012274 -0.012471 -0.011761 -0.012835 -0.012130 -0.012617 -0.012142 -0.012343 -0.012709 -0.012565
-0.011663 -0.012643 -0.012083 -0.012313 -0.012556 -0.011458 -0.012691 -0.011924 -0.012285 -0.011699 -0.012690 -0.012579 -0.012231
-0.012171 -0.012661 -0.011784 -0.012403 -0.012676 -0.011369 -0.012478 -0.011877 -0.012362 -0.011443 -0.012874 -0.012178 -0.012572
-0.012324 -0.012469 -0.012074 -0.012420 -0.012393 -0.011072 -0.012535 -0.011847 -0.012550 -0.011761 -0.012679 -0.012016 -0.012461
-0.012757 -0.012056 -0.012244 -0.012651 -0.012131 -0.011259 -0.012207 -0.012040 -0.012329 -0.012293 -0.012178 -0.012258 -0.012480
-0.012651 -0.012153 -0.012589 -0.012585 -0.011755 -0.012003 -0.012162 -0.012258 -0.012380 -0.012758 -0.012006 -0.012542 -0.012566
-0.012641 -0.012685 -0.012576 -0.012208 -0.012431 -0.012135 -0.012377 -0.012471 -0.012474 -0.012969 -0.012313 -0.012365 -0.012981
-0.013020 -0.012790 -0.012736 -0.012793 -0.012780 -0.012328 -0.012545 -0.012342 -0.012692 -0.012750 -0.012445 -0.012237 -0.012982
-0.012887 -0.012689 -0.012755 -0.012801 -0.012528 -0.012148 -0.012603 -0.012225 -0.012875 -0.012404 -0.013207 -0.012312 -0.013079
