0.000032 0.000263 0.000242 0.000113 -0.000121 0.000329 0.000089 -0.000113 0.000249 0.000084 0.000075 0.000129 0.000114
0.000354 -0.000146 0.000070 0.000118 0.000023 -0.000039 -0.000127 0.000248 -0.000154 0.000262 -0.000133 0.000224 0.000243
0.000155 0.000368 0.000013 0.000232 -0.000081 0.000034 0.000122 0.000024 0.000100 0.000222 -0.000107 0.000145 0.000356
0.000278 0.000214 0.000127 0.000032 0.000183 0.000282 0.000200 0.000046 -0.000153 0.000032 0.000263 -0.000017 0.000335
-0.000049 0.000251 0.000153 0.000232 0.000038 -0.000002 -0.000030 0.000301 0.000193 0.000218 0.000342 0.000022 0.000318
0.000351 0.000321 0.000311 0.000394 0.000107 -0.000060 -0.000084 0.000059 -0.000146 0.000141 0.000100 0.000101 -0.000077
-0.000025 0.000307 0.000252 0.000110 -0.000063 0.000000 -0.000263 0.000092 -0.000107 0.000073 -0.000121 -0.000226 -0.000012
0.000277 0.000387 -0.000083 0.000173 -0.000222 0.000227 -0.000230 0.000219 -0.000151 0.000020 0.000349 0.000013 0.000361
-0.000063 0.000003 0.000074 0.000362 0.000050 0.000083 0.000270 -0.000150 0.000056 -0.000188 -0.000010 0.000332 -0.000067
0.000051 0.000293 0.000168 0.000231 0.000048 0.000157 0.000028 -0.000236 -0.000226 0.000034 -0.000093 0.000041 -0.000031
0.000007 0.000140 0.000068 -0.000146 -0.000120 0.000032 0.000294 -0.000024 0.000214 -0.000173 -0.000121 0.000038 -0.000174
0.000066 0.000064 -0.000183 0.000262 0.000006 -0.000059 -0.000183 -0.000243 0.000026 0.000125 0.000089 -0.000244 -0.000247
-0.000203 0.000112 0.000370 0.000233 -0.000116 -0.000055 -0.000153 -0.000036 -0.000150 0.000142 0.000175 0.000356 -0.000036
